53 264
57 303
65 339
72 370
84 401
104 425
127 437
155 448
198 456
237 448
264 440
284 429
304 409
315 378
323 350
331 319
335 284
88 221
104 209
123 205
143 205
163 209
233 209
249 205
272 205
292 209
308 229
198 245
198 268
198 288
194 307
170 327
182 327
194 331
210 331
221 327
116 248
127 241
147 241
163 248
147 252
127 252
233 248
249 245
268 245
280 252
268 256
249 256
147 374
163 366
186 362
198 362
206 358
229 366
249 374
229 378
213 382
198 386
182 386
166 382
151 374
182 370
198 370
213 370
245 370
213 370
198 370
182 370
